[info]
email = 15502134011@163.com
password = 1234abcd

[cookies]
z_c0 = "QUFBQW1ZOGNBQUFYQUFBQVlRSlZUZlJyOUZRZkowVUZuZmdGOGJjbnpxTkoyTW1QSTJZc3hRPT0=|1422712564|f2943434c2579676aeb8de11487ff3212c5dc1ec"
q_c1 = 35323013e259457bbc73c728b7611205|1421908188000|1413905521000
c_c =
_xsrf = 8e59efce77d2e52239ce9ec2c4665fe9
__utmz = 51854390.1422489588.7.4.utmcsr=google|utmccn=(organic)|utmcmd=organic|utmctr=(not%20provided)
__utmv = 51854390.100-1|2=registration_date=20130723=1^3=entry_date=20130723=1
__utmc = 51854390; __utmt=1
__utmb = 51854390.2.10.1422793322
__utma = 51854390.2064104305.1410079614.1422776007.1422793322.22
_ga = GA1.2.2064104305.1410079614
